[gd_scene load_steps=4 format=2]

[ext_resource path="res://PathFollow.gd" type="Script" id=1]

[sub_resource type="Curve3D" id=1]
_data = {
"points": PoolVector3Array( 0, 0, 0, 0, 0, 0, 1.01009, 0, -1.72639, 0, 0, 0, 0, 0, 0, 1.73758, 0, -0.998897, 0, 0, 0, 0, 0, 0, 2.00619, 0, -0.00839404, 0, 0, 0, 0, 0, 0, 1.74317, 0, 0.998897, 0, 0, 0, 0, 0, 0, 1.00449, 0, 1.73758, 0, 0, 0, 0, 0, 0, 0.00279808, 0, 1.995, 0, 0, 0, 0, 0, 0, -0.998897, 0, 1.74317, 0, 0, 0, 0, 0, 0, -1.73198, 0, 0.998897, 0, 0, 0, 0, 0, 0, -2.00619, 0, -0.00279796, 0, 0, 0, 0, 0, 0, -1.73198, 0, -1.00449, 0, 0, 0, 0, 0, 0, -0.993301, 0, -1.74877, 0, 0, 0, 0, 0, 0, -0.0195861, 0, -2.01179, 0, 0, 0, 0, 0, 0, 1.01009, 0, -1.72639 ),
"tilts": PoolRealArray( 0, 0, 0, 0, 0, 0, 0, 0, 0, 0, 0, 0, 0 )
}

[sub_resource type="SphereMesh" id=2]

[node name="Spatial" type="Spatial"]

[node name="Path" type="Path" parent="."]
curve = SubResource( 1 )

[node name="PathFollow" type="PathFollow" parent="Path"]
transform = Transform( 1, 0, 0, 0, 1, 0, 0, 0, 1, 1.01009, 0, -1.72639 )
script = ExtResource( 1 )

[node name="MeshInstance" type="MeshInstance" parent="Path/PathFollow"]
transform = Transform( 0.1, 0, 0, 0, 0.1, 0, 0, 0, 0.1, 0, 0, 0 )
mesh = SubResource( 2 )
material/0 = null

[node name="Camera" type="Camera" parent="."]
transform = Transform( 1, 0, 0, 0, -4.37114e-08, 1, 0, -1, -4.37114e-08, 0, 2.21931, 0 )
projection = 1
size = 4.62182

[node name="DirectionalLight" type="DirectionalLight" parent="."]
transform = Transform( 1, 0, 0, 0, 0.57422, 0.818701, 0, -0.818701, 0.57422, 0, 3.03982, 0 )
light_color = Color( 0.705882, 0.905882, 0.960784, 1 )

[node name="DirectionalLight2" type="DirectionalLight" parent="."]
transform = Transform( -0.467374, 0.723781, -0.507644, 0, 0.57422, 0.818701, 0.884059, 0.38264, -0.268376, 0, 3.03982, 0 )
light_color = Color( 0.705882, 0.905882, 0.960784, 1 )

[node name="DirectionalLight3" type="DirectionalLight" parent="."]
transform = Transform( -0.544756, -0.686558, 0.481537, 0, 0.57422, 0.818701, -0.838595, 0.445993, -0.31281, 0, 3.03982, 0 )
light_color = Color( 0.705882, 0.905882, 0.960784, 1 )
