[gd_scene load_steps=10 format=2]

[ext_resource path="res://Tracks/Assets/Skyboxes/Cold Sunset Equirect.png" type="Texture" id=1]
[ext_resource path="res://Tracks/Track.tscn" type="PackedScene" id=2]
[ext_resource path="res://Tracks/TestTrack/TestTrackBase.tscn" type="PackedScene" id=3]
[ext_resource path="res://Tracks/Assets/TrackComponents/PathNode/PathNode.tscn" type="PackedScene" id=4]
[ext_resource path="res://Tracks/SinglePlayerTrack.gd" type="Script" id=5]
[ext_resource path="res://Tracks/SinglePlayerPlayersTracker.gd" type="Script" id=6]

[sub_resource type="Curve3D" id=4]
_data = {
"points": PoolVector3Array( 0, 0, 0, 0, 0, 0, 0.0770912, -0.0972519, 0.0482178, 0, 0, 0, 0, 0, 0, -0.411316, -0.0945358, -10.1373, 0, 0, 0, 0, 0, 0, -23.3083, -46.7085, -86.6953, 0, 0, 0, 0, 0, 0, -58.5931, -64.2796, -210.553, 0, 0, 0, 0, 0, 0, -125.921, -84.828, -294.748, 0, 0, 0, 0, 0, 0, -265.541, -103.947, -427.641, 0, 0, 0, 0, 0, 0, -408.141, -108.619, -405.863, 0, 0, 0, 0, 0, 0, -552.487, -106.999, -291.28, 0, 0, 0, 0, 0, 0, -548.467, -67.8265, -98.7894, 0, 0, 0, 0, 0, 0, -548.258, -68.3607, 103.928, 0, 0, 0, 0, 0, 0, -547.819, -64.3405, 139.434, 0, 0, 0, 0, 0, 0, -525.999, -55.5155, 165.874, 0, 0, 0, 0, 0, 0, -490.851, -47.1048, 176.621, 0, 0, 0, 0, 0, 0, -455.836, -40.0518, 166.528, 0, 0, 0, 0, 0, 0, -428.446, -37.8622, 130.97, 0, 0, 0, 0, 0, 0, -416.97, -37.1445, 89.7376, 0, 0, 0, 0, 0, 0, -422.276, -31.5507, -31.5354, 0, 0, 0, 0, 0, 0, -438.721, -11.3538, -167.041, 0, 0, 0, 0, 0, 0, -399.421, -5.88554, -250.036, 0, 0, 0, 0, 0, 0, -329.675, -1.16896, -281.657, 0, 0, 0, 0, 0, 0, -242.263, 4.22875, -219.464, 0, 0, 0, 0, 0, 0, -162.483, 54.6222, -25.7969 ),
"tilts": PoolRealArray( 0, 0, 0, 0, 0, 0, 0, 0, 0, 0, 0, 0, 0, 0, 0, 0, 0, 0, 0, 0, 0, 0 )
}

[sub_resource type="PanoramaSky" id=2]
panorama = ExtResource( 1 )

[sub_resource type="Environment" id=3]
background_mode = 2
background_sky = SubResource( 2 )

[node name="TestTrack" instance=ExtResource( 2 )]
script = ExtResource( 5 )

[node name="TestTrack" parent="LevelGeo" index="0" instance=ExtResource( 3 )]
transform = Transform( 1, 0, 0, 0, 1, 0, 0, 0, 1, 0, 109.27, 0 )

[node name="Players" parent="." index="1"]
script = ExtResource( 6 )

[node name="PlayerSpawn1" parent="Players" index="1"]
transform = Transform( 1, 0, -1.06581e-14, 0, 1, 0, 1.06581e-14, 0, 1, -18, 109.36, -12 )

[node name="PlayerSpawn2" parent="Players" index="2"]
transform = Transform( 1, 0, -1.06581e-14, 0, 1, 0, 1.06581e-14, 0, 1, -6, 109.36, -12 )

[node name="PlayerSpawn3" parent="Players" index="3"]
transform = Transform( 1, 0, -1.06581e-14, 0, 1, 0, 1.06581e-14, 0, 1, 6, 109.36, -12 )

[node name="PlayerSpawn4" parent="Players" index="4"]
transform = Transform( 1, 0, -1.06581e-14, 0, 1, 0, 1.06581e-14, 0, 1, 18, 109.36, -12 )

[node name="PlayerSpawn5" parent="Players" index="5"]
transform = Transform( 1, 0, -1.06581e-14, 0, 1, 0, 1.06581e-14, 0, 1, -18, 109.36, -7.86805e-07 )

[node name="PlayerSpawn6" parent="Players" index="6"]
transform = Transform( 1, 0, -1.06581e-14, 0, 1, 0, 1.06581e-14, 0, 1, -6, 109.36, -2.62268e-07 )

[node name="PlayerSpawn7" parent="Players" index="7"]
transform = Transform( 1, 0, -1.06581e-14, 0, 1, 0, 1.06581e-14, 0, 1, 6, 109.36, 2.62268e-07 )

[node name="PlayerSpawn8" parent="Players" index="8"]
transform = Transform( 1, 0, -1.06581e-14, 0, 1, 0, 1.06581e-14, 0, 1, 18, 109.36, 7.86805e-07 )

[node name="PlayerSpawn9" parent="Players" index="9"]
transform = Transform( 1, 0, -1.06581e-14, 0, 1, 0, 1.06581e-14, 0, 1, -18, 109.36, 12 )

[node name="PlayerSpawn10" parent="Players" index="10"]
transform = Transform( 1, 0, -1.06581e-14, 0, 1, 0, 1.06581e-14, 0, 1, -6, 109.36, 12 )

[node name="PlayerSpawn11" parent="Players" index="11"]
transform = Transform( 1, 0, -1.06581e-14, 0, 1, 0, 1.06581e-14, 0, 1, 6, 109.36, 12 )

[node name="PlayerSpawn12" parent="Players" index="12"]
transform = Transform( 1, 0, -1.06581e-14, 0, 1, 0, 1.06581e-14, 0, 1, 18, 109.36, 12 )

[node name="Path" type="Path" parent="." index="2"]
transform = Transform( 1, 0, 0, 0, 1, 0, 0, 0, 1, -6.1877, 119.13, -166.251 )
curve = SubResource( 4 )

[node name="PathNode0" parent="PathNodes" index="0" instance=ExtResource( 4 )]
transform = Transform( 1, 0, 0, 0, 1, 0, 0, 0, 1, -6.96152, 126.521, -166.726 )
boost_value = 100
width = 32.712
next_serial = 1

[node name="PathNode1" parent="PathNodes" index="1" instance=ExtResource( 4 )]
transform = Transform( 0.855764, -0.0224986, 0.516877, 0.0262816, 0.999655, 7.83254e-10, -0.516698, 0.0135844, 0.85606, -104.017, 42.0905, -477.829 )
width = 71.7
serial = 1
next_serial = 2

[node name="PathNode2" parent="PathNodes" index="2" instance=ExtResource( 4 )]
transform = Transform( -0.0603148, -0.00211045, 0.998177, -0.0349693, 0.999388, 0, -0.997567, -0.0349055, -0.0603517, -323.297, 20.2989, -598.68 )
width = 86.412
serial = 2
next_serial = 3

[node name="PathNode3" parent="PathNodes" index="3" instance=ExtResource( 4 )]
transform = Transform( -0.935397, -0.0369644, 0.351662, -0.0394865, 0.99922, 0, -0.351388, -0.0138859, -0.936127, -555.824, 19.8199, -458.293 )
width = 30.938
serial = 3
next_serial = 4

[node name="PathNode4" parent="PathNodes" index="4" instance=ExtResource( 4 )]
transform = Transform( -0.996934, -0.0782503, 1.50996e-07, -0.0782503, 0.996934, 0, -1.50533e-07, -1.18155e-08, -1, -553.194, 58.3176, -62.4314 )
width = 15.034
serial = 4
next_serial = 5

[node name="PathNode5" parent="PathNodes" index="5" instance=ExtResource( 4 )]
transform = Transform( -0.607152, 0.20275, -0.768284, 0.316742, 0.948512, -4.24919e-08, 0.728726, -0.243348, -0.64011, -531.427, 70.9375, -0.0886512 )
is_checkpoint = false
boost_value = 0
serial = 5
next_serial = 6

[node name="PathNode6" parent="PathNodes" index="6" instance=ExtResource( 4 )]
transform = Transform( 0.358108, -0.205007, -0.910896, 0.497004, 0.867748, 9.54636e-05, 0.790409, -0.452753, 0.412636, -463.412, 85.8027, -1.71466 )
is_checkpoint = false
boost_value = 0
width = 21.448
serial = 6
next_serial = 7

[node name="PathNode7" parent="PathNodes" index="7" instance=ExtResource( 4 )]
transform = Transform( 0.928172, -0.366815, -0.0627905, 0.36754, 0.930008, 1.87264e-09, 0.0583957, -0.0230781, 0.998027, -423.426, 89.7805, -76.8007 )
width = 23.094
serial = 7
next_serial = 8

[node name="PathNode8" parent="PathNodes" index="8" instance=ExtResource( 4 )]
transform = Transform( 0.982318, 0.0764993, -0.17088, -0.0776413, 0.996981, 9.28511e-10, 0.170364, 0.0132674, 0.985292, -445.184, 114.726, -334.443 )
width = 58.162
height = 8.07
serial = 8
next_serial = 9

[node name="PathNode9" parent="PathNodes" index="9" instance=ExtResource( 4 )]
transform = Transform( 0.482775, 0.0970025, -0.870356, -0.19699, 0.980405, 5.16484e-09, 0.853301, 0.171451, 0.492424, -392.95, 121.237, -420.362 )
is_checkpoint = false
boost_value = 0
width = 35.977
height = 8.087
serial = 9
next_serial = 10

[node name="PathNode10" parent="PathNodes" index="10" instance=ExtResource( 4 )]
transform = Transform( -0.702382, -0.0693519, -0.708414, -0.0982603, 0.995161, 2.92839e-09, 0.704986, 0.069609, -0.705797, -281.561, 128.031, -408.515 )
width = 22.469
serial = 10
next_serial = 11

[node name="PathNode11" parent="PathNodes" index="11" instance=ExtResource( 4 )]
transform = Transform( -0.995155, -0.0923449, 0.0337579, -0.0925055, 0.995707, -0.00322551, -0.0333151, -0.00633268, -0.999425, -175.692, 175.847, -184.867 )
function = 1
boost_value = 75
width = 60.0
height = 10.453
serial = 11
next_serial = 12

[node name="PathNode12" parent="PathNodes" index="12" instance=ExtResource( 4 )]
transform = Transform( -0.467673, -0.027834, 0.883463, -0.0594109, 0.998234, -8.8772e-11, -0.881903, -0.0524874, -0.4685, -250.662, 77.1459, 145.994 )
width = 33.713
serial = 12
next_serial = 13

[node name="PathNode13" parent="PathNodes" index="13" instance=ExtResource( 4 )]
transform = Transform( -0.966296, -0.00969773, 0.257251, -0.0100355, 0.99995, 2.32819e-10, -0.257238, -0.00258164, -0.966345, -367.753, 64.1567, 213.133 )
is_checkpoint = false
boost_value = 0
width = 28.99
height = 8.265
serial = 13
next_serial = 14

[node name="PathNode14a" parent="PathNodes" index="14" instance=ExtResource( 4 )]
transform = Transform( -0.476417, -0.014997, -0.879092, -0.0314631, 0.999505, 9.37673e-10, 0.878657, 0.0276589, -0.476653, -246.644, 80.9157, 309.139 )
width = 29.911
height = 8.134
serial = 14
next_serial = 15
route = 0

[node name="PathNode14b" parent="PathNodes" index="15" instance=ExtResource( 4 )]
transform = Transform( -0.691551, 0, -0.722328, 0, 1, 0, 0.722328, 0, -0.691551, -283.228, 79.4216, 358.823 )
width = 32.328
serial = 14
next_serial = 15
route = 1

[node name="PathNode15a" parent="PathNodes" index="16" instance=ExtResource( 4 )]
transform = Transform( 0.0794855, 0, -0.996836, 0, 1, 0, 0.996836, 0, 0.0794855, -51.1716, 94.9773, 382.017 )
is_checkpoint = false
boost_value = 0
width = 32.377
height = 25.0
serial = 15
next_serial = 16
route = 0

[node name="PathNode15b" parent="PathNodes" index="17" instance=ExtResource( 4 )]
transform = Transform( 0.433344, 0.0115725, -0.901154, -0.02724, 0.999629, -0.000261968, 0.900817, 0.0246609, 0.433499, -50.0257, 135.307, 401.5 )
is_checkpoint = false
boost_value = 0
width = 37.117
serial = 15
next_serial = 16
route = 1

[node name="PathNode16" parent="PathNodes" index="18" instance=ExtResource( 4 )]
transform = Transform( 0.98141, 0, -0.191923, 0, 1, 0, 0.191923, 0, 0.98141, 66.8977, 121.843, 257.537 )
is_checkpoint = false
boost_value = 0
width = 63.6
height = 30.0
serial = 16
next_serial = 17

[node name="PathNode17" parent="PathNodes" index="19" instance=ExtResource( 4 )]
transform = Transform( 0.98875, 0.0812901, 0.125558, -0.0819385, 0.996637, -2.14917e-09, -0.125136, -0.0102881, 0.992086, 45.2336, 136.57, 115.584 )
width = 21.245
serial = 17

[node name="WorldEnvironment" parent="." index="6"]
environment = SubResource( 3 )

[node name="DirectionalLight" parent="." index="7"]
transform = Transform( 0.700909, 7.0049e-08, 0.71325, -0.686983, 0.268886, 0.675096, -0.191783, -0.963172, 0.188465, 0, 0, 0 )
light_color = Color( 0.74902, 0.827451, 0.992157, 1 )
light_energy = 0.77
shadow_enabled = true
shadow_color = Color( 0.192157, 0.176471, 0.239216, 1 )

[node name="MinimapCamera" parent="Minimap" index="0"]
transform = Transform( 1, 0, 0, 0, -4.37114e-08, 1, 0, -1, -4.37114e-08, -125, 196.146, -118.24 )
visible = false
size = 1177.0
far = 188.6
